-0.00000293977567901959
-0.00002068016881973115
-0.00000124811105531648
0.00001054937673513482
-0.00000439167226800111
0.00001731587819106168
0.00861392700257880041
0.02225453974118061368
-0.02417156151417118592
28.05011909112685941636
-0.00000139447289583217
-0.00002068016881919881
-0.00000124811105519607
-0.00001349508271304484
0.00001042798381234907
0.00001731587819060950
0.00669690522949740411
0.02225453974079139377
-0.02417156151401506775
28.05011909112689139079
-0.00000139447289584511
-0.00000293977567894971
-0.00000124811105523303
-0.00000027815310905045
0.00001042798381237693
0.00000439167226790351
0.00669690522952877485
-0.00861392700267940917
-0.02417156151406217937
28.05011909112688783807
-0.00000139447289583279
-0.00000293977567891966
-0.00002068016881920494
-0.00000027815310903036
0.00001349508271304772
0.00001054937673474004
0.00669690522949818300
-0.00861392700272248235
-0.02225453974079537670
28.05011909112684875822
-0.00000131885245225594
-0.00001321792060870246
0.00000049926626578371
0.00000973626727523198
-0.00000063534527410071
0.00000630367735398594
-0.00174553569563440890
0.02408125235103695042
0.00256279124067385327
20.96419939824517797433
0.00000136709255997246
-0.00001321792060830373
0.00000049926626587371
-0.00001039589658802077
0.00000666686461139362
0.00000630367735364746
0.02489850789600852807
0.02408125235074606504
0.00256279124079051863
20.96419939824522060690
0.00000136709255996280
-0.00000131885245220442
0.00000049926626584647
-0.00000646321709658964
0.00000666686461141406
0.00000063534527403195
0.02489850789603198500
0.00174553569555916180
0.00256279124075541390
20.96419939824524902861
0.00000136709255997199
-0.00000131885245218140
-0.00001321792060830879
-0.00000646321709657134
0.00001039589658802321
0.00000973626727493701
0.02489850789600914216
0.00174553569552697574
-0.02408125235074898285
20.96419939824522771232
