0.00000283664610448497
0.00001570986945769715
0.00000219718387574631
-0.00001859923620168366
0.00000414735418123937
-0.00000512436584907097
0.02723707644738882633
-0.01921362156489456186
-0.01319583283428768516
35.46770440055203721386
0.00000116745156843164
0.00001570986945780325
0.00000219718387574554
0.00000769613686471999
0.00000341735608365530
-0.00000512436584908227
-0.00517237795182762510
-0.01921362156497995535
-0.01319583283428087291
35.46770440055207984642
0.00000116745156841803
0.00000283664610450394
0.00000219718387574703
0.00000877858981149043
0.00000341735608366425
-0.00000414735418124742
-0.00517237795180264595
-0.02723707644741005587
-0.01319583283428504665
35.46770440055205142471
0.00000116745156844174
0.00000283664610455541
0.00001570986945787761
0.00000877858981153587
-0.00000769613686476080
-0.00001859923620190359
-0.00517237795184604006
-0.02723707644747191958
0.01921362156504187110
35.46770440055199458129
-0.00000055685205193567
-0.00000789221996550526
-0.00000032860629446962
0.00000360108916795037
0.00000308302277423215
0.00000086175676998305
0.00173629013409915423
0.01324835416321771403
0.00647078734389588180
22.82997249406069073530
-0.00000123180959973314
-0.00000789221996543760
-0.00000032860629447012
-0.00001132159399302578
0.00000328756695527249
0.00000086175676997626
0.02145543164119071561
0.01324835416316274758
0.00647078734390027326
22.82997249406071915701
-0.00000123180959974182
-0.00000055685205192370
-0.00000032860629446929
-0.00000557040783830215
0.00000328756695527740
-0.00000308302277423695
0.02145543164120680343
-0.00173629013411284640
0.00647078734389759224
22.82997249406070139344
-0.00000123180959972681
-0.00000055685205188986
-0.00000789221996538783
-0.00000557040783827123
0.00001132159399299892
0.00000360108916780715
0.02145543164117888826
-0.00173629013415265918
-0.01324835416312286629
22.82997249406067297173
